ko_id	R34	R35	R36	R37	R38	R39	R40	R41	R42	R43	R44	R45	R46	R47	R48	R49	R50	R51	R52	R53	R54	R55	R56	R57	R58	R59	R60	R61	R62	R63	R64	R65	R66	R67	R68	R69	R70	R71	R72	R73	R74	R75	R76	R77	R78	R79	R80	R81
K00344	603	794	716	635	609	584	692	777	361	834	484	746	794	771	753	756	594	900	729	819	776	730	879	1377	1255	1570	856	1146	728	741	1101	709	855	791	871	1212	1112	1559	1630	1635	1882	1171	1224	1238	2448	1306	699	929
K14161	27	81	50	120	64	107	139	86	6	142	62	198	107	55	89	79	95	49	130	142	169	78	116	123	182	278	198	224	148	180	149	114	186	152	218	193	162	352	590	288	338	160	302	367	977	240	101	234
K02112	459	623	633	566	601	694	800	813	623	520	600	734	735	624	674	916	758	835	779	850	881	467	823	1099	1139	1107	897	869	842	935	936	769	919	844	1002	777	882	1226	1309	1045	1314	1025	998	1384	1979	1090	807	974
K00997	100	129	102	164	159	169	171	111	95	167	132	208	152	151	115	165	131	126	151	249	145	137	169	293	205	280	217	229	147	204	191	200	206	204	192	176	175	246	286	321	274	259	189	342	430	241	195	175
K19338	NA	NA	NA	NA	NA	NA	NA	11	NA	10	NA	NA	NA	19	11	NA	NA	17	NA	NA	NA	NA	NA	NA	NA	NA	NA	NA	NA	NA	NA	NA	NA	15	33	20	NA	66	56	15	17	NA	65	13	112	NA	NA	NA
K07266	NA	NA	NA	NA	NA	NA	NA	NA	NA	NA	NA	NA	NA	NA	NA	4	NA	NA	NA	5	NA	NA	5	NA	NA	NA	NA	NA	NA	NA	NA	NA	NA	NA	NA	NA	NA	NA	7	NA	NA	11	NA	NA	NA	NA	NA	NA
K22409	NA	NA	NA	NA	NA	NA	NA	NA	NA	NA	NA	NA	NA	NA	NA	NA	NA	NA	NA	NA	NA	NA	NA	NA	NA	NA	NA	NA	NA	NA	NA	NA	NA	NA	NA	NA	NA	20	NA	NA	NA	NA	51	NA	NA	NA	NA	NA
K20975	8	22	NA	28	46	45	NA	NA	NA	109	NA	31	51	59	73	31	93	56	43	169	11	31	102	22	155	263	12	160	56	45	113	30	36	34	57	58	9	710	464	35	555	59	324	210	1165	533	15	61
K00974	NA	19	NA	NA	NA	24	23	87	26	14	28	16	41	NA	42	23	38	58	25	36	58	NA	45	111	114	199	73	105	16	101	124	43	32	37	94	59	142	108	368	105	360	126	165	121	614	187	53	143
K09471	NA	91	16	93	NA	12	19	98	NA	102	34	48	97	61	40	15	76	109	58	128	58	24	23	171	67	205	49	115	NA	50	39	84	96	NA	161	63	26	240	188	117	257	141	354	147	770	177	89	104
K21062	3	6	21	31	18	NA	11	NA	NA	16	11	NA	NA	40	13	NA	18	NA	NA	NA	18	NA	NA	8	31	39	8	35	19	8	26	10	48	28	13	18	27	35	200	12	85	13	40	57	119	52	10	21
K02054	123	46	251	86	61	74	167	82	96	99	130	201	34	46	87	84	162	52	109	133	64	106	57	102	80	57	108	74	101	122	77	110	85	101	120	124	143	164	51	49	149	109	133	84	127	179	54	51
K01555	77	120	104	94	144	173	78	100	78	144	110	135	106	153	199	180	146	187	115	167	204	133	236	394	291	351	263	191	198	229	284	161	182	201	159	242	261	254	333	321	378	322	373	356	462	229	167	275
K11354	NA	NA	NA	NA	NA	NA	NA	NA	NA	NA	NA	NA	NA	NA	NA	NA	NA	NA	NA	NA	NA	NA	NA	NA	NA	NA	NA	NA	NA	NA	NA	NA	NA	NA	16	NA	NA	NA	NA	NA	NA	NA	NA	NA	NA	NA	NA	NA
K07588	191	284	244	290	246	255	289	268	176	424	214	313	327	231	260	337	278	299	422	351	369	223	312	567	457	568	336	360	252	465	439	291	415	383	445	405	367	526	552	580	702	451	411	629	977	427	395	421
K05964	NA	NA	NA	NA	NA	NA	NA	NA	NA	NA	NA	NA	NA	NA	NA	NA	NA	NA	NA	NA	NA	2	NA	NA	NA	NA	NA	NA	NA	NA	NA	NA	NA	NA	NA	NA	NA	NA	NA	NA	NA	NA	NA	NA	NA	NA	NA	NA
K15586	NA	NA	NA	NA	NA	NA	NA	NA	NA	NA	NA	NA	NA	NA	NA	NA	NA	NA	NA	NA	NA	NA	NA	NA	NA	NA	NA	20	NA	NA	NA	NA	NA	NA	NA	NA	NA	NA	NA	NA	NA	NA	NA	NA	NA	NA	NA	NA
K11894	NA	NA	NA	NA	NA	NA	NA	NA	NA	NA	NA	NA	NA	NA	NA	NA	NA	NA	NA	NA	NA	NA	NA	NA	NA	NA	NA	NA	NA	NA	NA	NA	NA	NA	NA	19	NA	NA	51	NA	96	NA	74	NA	215	NA	NA	NA
K21703	53	47	53	12	30	44	112	16	26	26	69	98	26	19	53	16	78	32	67	35	30	46	38	82	89	139	62	56	60	31	100	77	82	40	90	42	70	122	129	74	265	50	95	25	370	76	20	85
K00452	80	123	108	124	129	110	125	125	83	165	104	136	140	132	83	147	114	120	110	171	154	120	111	207	187	237	164	137	148	147	166	133	145	143	183	151	168	240	171	162	242	190	217	174	272	208	170	139
K00844	9	9	11	9	14	12	15	12	NA	NA	22	26	21	NA	NA	NA	18	NA	15	NA	16	21	19	NA	22	8	7	NA	NA	16	13	NA	NA	NA	23	7	28	NA	10	13	NA	18	20	7	15	6	NA	NA
K00647	NA	NA	NA	17	13	30	NA	35	NA	47	NA	53	31	69	49	NA	14	31	22	73	14	41	44	NA	53	132	9	165	66	NA	81	31	22	51	17	42	37	304	258	102	386	21	185	173	439	141	NA	88
K03742	315	213	285	266	204	231	288	238	127	269	228	340	234	305	132	211	219	175	285	341	253	183	186	406	307	280	304	283	202	218	358	235	267	217	311	293	352	390	427	414	524	499	302	499	545	413	298	346
K13028	NA	9	NA	23	12	7	9	3	11	20	9	NA	8	19	12	15	19	17	14	10	10	8	35	26	22	29	24	22	22	8	38	38	17	30	16	30	26	19	18	40	10	9	14	14	7	4	6	13
K15916	NA	62	NA	13	14	48	15	16	17	47	11	11	29	37	21	4	19	30	36	21	53	4	51	97	45	62	64	33	39	38	83	51	20	53	9	75	46	60	72	76	125	108	100	113	113	84	84	74
K11080	NA	NA	NA	NA	NA	NA	NA	NA	NA	28	12	NA	NA	NA	NA	NA	NA	NA	NA	NA	NA	NA	NA	NA	NA	NA	NA	NA	31	NA	NA	NA	NA	NA	NA	NA	NA	NA	NA	NA	NA	NA	NA	NA	NA	NA	NA	NA
K02410	168	183	155	203	192	175	168	201	170	217	178	214	197	172	190	198	248	129	235	303	246	173	303	248	315	386	243	324	223	301	233	227	205	257	273	246	291	554	678	355	584	306	521	456	775	432	261	276
K02858	NA	NA	NA	14	88	34	8	12	NA	78	NA	39	7	55	33	41	45	22	101	55	16	37	53	107	57	105	63	43	32	17	151	43	73	70	108	29	93	51	117	35	70	5	47	91	260	101	49	84
K10004	7	19	33	17	7	11	49	62	33	18	19	NA	15	96	75	58	NA	41	27	14	59	38	54	39	63	13	51	39	33	29	44	61	44	52	47	20	52	5	63	105	40	20	48	69	45	27	17	43
K15256	18	8	9	8	15	10	39	62	15	29	17	37	36	40	25	24	17	NA	10	29	11	22	24	28	35	57	20	35	21	9	38	24	28	14	14	29	17	53	72	48	119	44	64	45	153	45	17	29
K19221	103	97	89	88	139	114	68	72	39	150	50	118	109	115	124	128	131	72	129	85	130	99	93	175	167	125	143	98	134	82	130	161	123	153	158	145	149	132	127	146	180	124	157	195	188	150	78	140
K07331	NA	NA	NA	NA	NA	NA	NA	NA	NA	NA	NA	NA	NA	NA	NA	NA	NA	NA	NA	NA	NA	NA	NA	NA	NA	NA	NA	NA	NA	NA	NA	NA	NA	NA	NA	NA	NA	NA	NA	NA	NA	12	NA	NA	NA	NA	NA	NA
K10531	NA	NA	NA	NA	NA	NA	NA	NA	NA	NA	NA	NA	NA	NA	NA	NA	NA	NA	NA	NA	NA	NA	NA	NA	NA	NA	NA	NA	NA	NA	NA	NA	NA	NA	NA	NA	NA	NA	15	NA	NA	NA	NA	NA	NA	NA	NA	NA
K07664	NA	15	15	29	NA	17	22	13	NA	14	9	25	NA	8	NA	10	11	NA	9	20	9	10	NA	15	18	NA	NA	17	NA	15	NA	6	13	17	15	22	NA	11	NA	NA	12	6	NA	14	NA	14	15	NA
K00263	NA	NA	16	NA	NA	NA	63	17	NA	NA	NA	29	NA	NA	NA	NA	NA	NA	NA	31	NA	20	18	20	28	92	NA	87	NA	14	NA	NA	NA	13	16	13	32	174	169	78	144	NA	149	125	368	52	18	80
K22104	5	5	NA	18	NA	10	12	13	NA	21	NA	NA	NA	9	NA	NA	NA	4	9	NA	8	NA	NA	11	6	6	10	NA	NA	9	11	NA	15	10	9	NA	18	9	38	NA	16	NA	15	11	67	13	NA	NA
K07692	6	17	NA	11	NA	39	4	NA	NA	NA	42	NA	29	49	11	NA	NA	NA	NA	NA	NA	NA	NA	11	29	NA	8	9	17	NA	15	31	28	NA	NA	5	NA	NA	13	NA	NA	NA	5	NA	14	NA	NA	34
K02304	48	151	67	96	85	134	80	108	77	149	77	135	146	120	120	92	61	120	91	113	51	114	61	218	188	192	117	100	127	145	171	105	66	101	130	151	127	213	199	200	277	177	289	228	603	159	104	155
K15789	NA	NA	11	9	NA	NA	NA	5	8	NA	20	13	NA	NA	8	7	11	4	6	21	NA	9	NA	NA	4	31	9	36	1	NA	13	4	NA	11	12	NA	4	17	46	21	41	9	17	24	73	5	3	8
K13609	NA	NA	NA	NA	NA	NA	NA	NA	NA	NA	NA	NA	NA	NA	NA	NA	NA	NA	NA	NA	NA	NA	NA	NA	NA	NA	NA	NA	NA	NA	NA	NA	NA	NA	NA	NA	NA	NA	16	NA	NA	NA	NA	19	13	NA	NA	NA
K03675	NA	NA	NA	NA	NA	8	NA	NA	NA	NA	NA	NA	NA	NA	NA	4	NA	NA	NA	NA	NA	NA	NA	NA	NA	NA	NA	NA	NA	3	13	10	NA	NA	NA	NA	7	4	NA	8	NA	NA	NA	9	NA	NA	NA	10
K06042	26	30	9	44	49	48	10	24	7	28	18	18	49	54	67	27	32	46	30	31	36	29	35	67	94	104	83	57	53	55	49	57	45	43	74	101	47	82	52	70	85	40	53	86	126	78	31	77
K08683	99	160	58	101	136	118	82	116	47	162	131	140	120	86	132	148	145	96	155	163	190	121	172	250	268	242	249	240	131	180	185	140	166	146	206	222	202	386	252	283	305	218	234	272	539	194	145	137
K16371	NA	NA	NA	NA	NA	NA	NA	NA	NA	NA	NA	NA	NA	NA	NA	NA	NA	NA	NA	NA	NA	NA	NA	NA	NA	23	NA	NA	NA	NA	NA	NA	NA	NA	NA	NA	NA	NA	26	NA	25	NA	88	NA	168	NA	NA	NA
K19222	86	184	117	139	116	128	118	167	74	148	87	158	147	130	125	180	134	89	154	147	182	104	125	305	204	244	210	185	110	167	183	185	147	149	158	149	179	265	276	249	361	221	270	310	432	310	196	143
K02386	29	36	53	24	62	46	29	33	49	10	35	68	50	47	50	17	67	19	53	82	38	19	68	96	94	89	93	77	46	32	65	39	34	60	110	47	49	203	201	96	254	77	155	123	416	90	66	91
K02523	92	112	174	129	104	108	172	88	111	167	94	148	72	125	131	128	176	71	203	157	156	85	120	170	216	185	135	183	116	103	174	141	190	114	116	155	176	275	419	226	384	168	282	252	618	122	120	207
K08097	38	115	55	105	77	129	56	72	31	173	66	90	113	91	76	112	96	108	116	140	146	67	174	215	222	238	214	149	131	122	165	97	156	142	148	135	126	244	199	143	189	213	171	335	420	200	207	210
K01963	133	115	178	178	97	142	296	167	132	190	226	194	195	87	137	216	196	127	226	89	160	247	211	254	272	324	174	249	189	217	272	180	219	231	215	222	279	414	486	334	524	218	325	356	625	314	254	288
K18930	NA	NA	30	30	28	38	26	NA	NA	24	NA	75	NA	40	41	NA	33	NA	18	NA	24	13	32	36	84	73	23	NA	NA	27	NA	NA	31	64	NA	19	68	117	NA	NA	39	87	18	63	96	22	41	22
K01950	NA	42	NA	32	NA	63	240	67	58	35	91	68	NA	NA	36	30	85	NA	63	62	98	NA	88	136	NA	105	107	55	NA	22	30	76	115	57	28	37	119	346	176	119	186	106	116	108	776	193	53	117
K03973	29	79	25	81	115	118	54	61	17	123	23	67	155	89	98	66	78	86	99	92	132	71	148	234	280	241	130	169	111	131	137	138	132	172	127	120	115	284	296	242	201	170	258	229	558	201	135	147
K18905	15	NA	NA	NA	NA	NA	NA	NA	6	15	NA	7	8	NA	12	17	NA	10	NA	14	6	9	15	14	17	37	16	17	NA	16	29	13	20	NA	25	21	16	39	17	24	NA	13	14	27	29	15	9	15
K08305	296	570	287	608	579	620	213	349	297	773	401	517	761	655	689	721	748	657	500	812	614	448	548	973	1102	1082	796	856	798	756	931	797	854	954	1005	875	691	1202	962	989	1305	845	930	971	1634	824	563	820
K23463	NA	NA	24	NA	NA	30	NA	NA	NA	NA	NA	NA	NA	NA	NA	NA	NA	NA	NA	NA	27	NA	38	NA	21	NA	NA	NA	NA	21	NA	NA	21	NA	67	NA	NA	NA	NA	40	32	NA	NA	NA	73	22	NA	67
K22879	NA	35	NA	21	23	11	8	NA	NA	17	9	22	23	11	73	33	39	33	13	61	84	32	32	98	46	122	30	33	45	14	22	45	33	55	41	49	60	207	200	91	172	63	107	196	270	46	18	51
K04796	NA	NA	NA	NA	NA	NA	NA	NA	NA	NA	NA	NA	6	1	6	NA	NA	NA	NA	NA	NA	NA	3	1	5	3	NA	NA	NA	NA	5	1	NA	NA	NA	NA	NA	9	1	5	NA	4	1	1	17	NA	NA	17
K01182	NA	NA	NA	NA	23	NA	NA	NA	NA	NA	NA	NA	NA	NA	NA	NA	NA	NA	NA	NA	NA	NA	33	NA	NA	NA	NA	NA	NA	NA	32	NA	NA	NA	NA	30	NA	NA	NA	27	52	31	50	NA	NA	NA	NA	NA
K00956	22	157	15	NA	47	129	NA	80	41	106	49	62	52	159	66	121	73	118	50	104	118	47	134	199	259	249	116	155	25	57	185	75	126	106	116	192	155	430	368	226	389	184	190	318	1002	358	78	62
K00630	NA	NA	NA	NA	NA	NA	NA	NA	NA	NA	NA	NA	NA	NA	NA	NA	NA	NA	NA	NA	NA	NA	NA	NA	5	NA	NA	NA	NA	NA	NA	NA	NA	NA	NA	NA	NA	NA	NA	NA	NA	NA	NA	NA	NA	NA	NA	NA
K06870	NA	NA	NA	NA	NA	NA	NA	NA	NA	NA	NA	NA	NA	NA	NA	NA	NA	NA	NA	NA	NA	NA	NA	NA	NA	NA	NA	NA	NA	NA	NA	NA	NA	NA	NA	NA	NA	4	NA	NA	NA	14	NA	NA	NA	NA	NA	NA
K01903	84	168	182	45	63	109	168	88	74	235	67	171	134	181	145	214	20	108	120	200	144	53	148	257	267	398	77	196	167	80	147	92	190	285	139	137	224	412	353	352	606	262	335	322	852	312	60	169
K01551	173	271	91	318	301	397	240	297	255	460	225	336	426	324	320	353	315	240	258	323	409	244	297	564	570	553	421	418	349	505	510	315	425	501	430	431	403	487	407	701	566	418	343	569	771	501	327	490
K14840	NA	NA	NA	NA	NA	NA	NA	NA	NA	NA	NA	NA	NA	NA	NA	NA	NA	NA	NA	NA	NA	NA	NA	NA	NA	NA	NA	NA	NA	NA	NA	NA	NA	NA	2	NA	NA	NA	NA	NA	NA	NA	NA	NA	NA	NA	NA	NA
K00700	477	678	387	586	644	613	659	715	336	790	440	930	712	705	668	769	612	733	749	754	793	576	845	1039	1159	1128	950	740	751	752	973	882	818	907	867	963	885	991	1291	1012	1365	902	1138	1153	1647	1117	624	784
K01554	NA	18	NA	12	7	10	5	NA	NA	7	NA	NA	NA	11	8	8	8	15	NA	13	13	NA	17	26	42	54	39	16	15	5	38	14	36	21	34	38	21	66	33	18	18	15	44	18	81	13	27	14
K00299	23	16	14	27	38	39	19	8	7	50	26	43	28	24	30	30	30	12	29	68	37	25	29	79	62	58	81	52	31	30	59	24	19	32	25	28	31	56	50	78	118	39	102	75	72	27	22	24
K20483	26	11	40	46	14	13	28	78	24	25	13	15	35	30	21	12	10	59	15	21	30	38	8	31	24	38	9	66	17	22	40	19	16	38	2	28	15	36	34	63	69	9	14	36	47	10	9	37
K03328	20	NA	NA	NA	NA	NA	NA	NA	NA	NA	NA	NA	NA	NA	NA	NA	NA	NA	NA	NA	NA	NA	NA	NA	NA	NA	NA	NA	NA	NA	NA	NA	NA	NA	NA	NA	NA	71	52	62	69	NA	23	NA	65	78	NA	NA
K15408	46	NA	NA	NA	NA	NA	NA	NA	36	NA	NA	58	NA	NA	NA	40	NA	NA	NA	45	NA	NA	86	42	NA	100	NA	45	NA	NA	NA	NA	NA	23	43	NA	61	341	219	NA	369	NA	169	133	513	238	NA	NA
K11995	NA	NA	NA	NA	NA	NA	NA	NA	NA	NA	NA	NA	NA	NA	NA	NA	NA	NA	NA	NA	NA	NA	NA	NA	NA	NA	NA	3	NA	NA	4	NA	NA	NA	NA	NA	NA	NA	NA	NA	NA	NA	NA	NA	NA	NA	NA	NA
K22552	NA	18	NA	NA	NA	14	NA	53	16	46	14	NA	NA	NA	26	NA	NA	NA	NA	59	NA	NA	73	14	27	98	40	22	26	NA	12	NA	13	15	NA	19	NA	85	88	37	184	27	87	28	326	105	NA	55
K07518	NA	NA	NA	NA	NA	NA	NA	NA	NA	NA	NA	32	NA	NA	NA	NA	NA	NA	NA	NA	22	NA	NA	NA	13	45	NA	NA	NA	NA	NA	NA	NA	NA	NA	NA	NA	97	83	NA	100	NA	75	NA	291	98	NA	NA
K06013	205	381	349	404	227	252	283	385	174	324	291	407	331	239	354	380	256	312	413	439	461	199	498	483	509	546	325	443	296	298	365	405	304	322	343	478	424	634	571	574	825	537	472	670	932	570	459	428
K07480	35	32	51	51	105	37	147	52	76	121	54	70	69	70	83	69	106	118	98	57	12	35	92	37	148	60	61	149	43	61	109	128	67	109	111	121	89	70	63	54	90	68	40	40	90	107	24	91
K21829	NA	NA	NA	NA	NA	NA	NA	NA	NA	NA	NA	NA	NA	NA	NA	NA	NA	NA	NA	NA	NA	NA	NA	NA	NA	NA	NA	NA	NA	NA	NA	2	NA	NA	NA	NA	NA	NA	9	NA	NA	NA	NA	NA	NA	7	NA	NA
K10560	NA	NA	NA	NA	NA	NA	NA	NA	NA	12	NA	NA	NA	11	NA	NA	NA	NA	15	NA	29	NA	NA	42	NA	27	15	NA	NA	NA	NA	NA	16	NA	NA	NA	NA	NA	78	NA	15	NA	11	15	38	NA	NA	NA
K18609	10	NA	NA	NA	NA	6	13	NA	NA	12	NA	NA	NA	16	NA	NA	NA	6	NA	NA	NA	NA	NA	NA	NA	NA	NA	NA	NA	NA	NA	NA	13	NA	NA	NA	21	12	NA	NA	NA	NA	NA	NA	NA	NA	NA	NA
K12284	NA	NA	10	NA	NA	4	3	NA	NA	NA	NA	NA	NA	NA	NA	6	7	NA	NA	NA	NA	NA	NA	NA	6	NA	4	NA	NA	NA	2	NA	NA	NA	NA	8	3	NA	NA	NA	NA	NA	NA	NA	NA	NA	NA	NA
K08972	138	212	129	228	254	218	106	143	101	378	214	233	277	282	289	313	300	293	242	306	345	138	296	507	534	536	374	221	326	310	485	388	357	301	296	324	314	363	346	442	344	418	357	568	847	401	245	397
K08301	20	98	50	49	50	62	312	114	56	157	NA	74	54	39	110	146	149	72	285	34	36	33	102	NA	304	207	205	77	77	111	79	90	154	119	159	219	124	310	429	216	384	200	245	215	689	323	117	125
K03558	111	186	95	101	121	199	136	148	77	194	95	164	138	137	204	137	155	104	154	211	192	117	215	283	275	332	267	198	194	169	188	178	154	232	257	165	227	331	378	323	507	267	363	372	828	386	200	242
K15372	81	131	40	80	122	89	82	141	16	76	91	96	72	110	113	95	106	103	146	150	86	80	97	179	184	269	100	96	76	158	155	105	50	134	205	211	87	168	235	186	422	209	289	248	584	222	137	192
K00023	58	101	59	129	98	37	101	82	77	76	79	111	181	127	191	92	111	114	98	155	125	75	93	156	234	339	112	137	147	117	90	220	92	79	126	130	140	266	304	195	338	174	244	140	614	250	73	128
K07723	NA	2	NA	NA	NA	NA	NA	9	NA	1	NA	2	2	NA	NA	NA	8	NA	NA	NA	NA	NA	NA	NA	0	NA	NA	2	2	NA	1	NA	NA	1	2	NA	4	11	6	NA	NA	5	NA	6	8	NA	NA	NA
K02116	38	60	60	51	71	69	41	81	27	91	59	55	82	68	57	71	60	83	44	107	97	48	54	89	114	118	64	71	58	63	81	87	79	96	95	57	83	122	118	88	210	77	83	98	149	94	61	96
K18991	NA	NA	NA	NA	NA	NA	NA	NA	NA	NA	NA	NA	NA	NA	NA	NA	NA	NA	NA	NA	NA	NA	NA	NA	29	16	NA	NA	NA	NA	NA	NA	NA	NA	NA	NA	NA	21	NA	21	13	NA	17	NA	47	21	NA	10
K22319	NA	NA	NA	NA	NA	NA	NA	NA	NA	NA	NA	NA	NA	NA	NA	NA	NA	NA	NA	NA	NA	NA	21	NA	15	54	NA	NA	NA	NA	NA	28	NA	NA	NA	14	16	9	8	NA	50	NA	17	NA	NA	NA	NA	27
K02920	NA	NA	NA	NA	NA	NA	NA	NA	NA	NA	NA	NA	NA	NA	NA	NA	NA	NA	NA	NA	NA	NA	NA	NA	NA	NA	NA	NA	NA	NA	NA	NA	NA	NA	3	NA	NA	NA	NA	NA	NA	NA	NA	NA	NA	NA	NA	NA
K05523	NA	NA	NA	NA	NA	NA	NA	NA	NA	NA	NA	NA	NA	NA	NA	NA	NA	NA	NA	NA	NA	NA	NA	NA	NA	NA	NA	NA	NA	NA	NA	NA	NA	NA	NA	NA	NA	NA	NA	NA	NA	NA	NA	NA	11	NA	NA	NA
K20497	NA	39	NA	NA	49	NA	NA	22	NA	NA	NA	8	NA	NA	NA	21	NA	32	NA	NA	NA	NA	34	27	16	37	35	NA	NA	NA	20	14	27	75	NA	NA	24	76	25	NA	39	NA	19	NA	86	NA	24	NA
K00262	22	26	36	48	38	46	23	37	9	46	32	60	43	56	39	79	36	95	21	43	79	78	71	149	160	48	65	82	110	32	61	111	80	66	21	139	88	123	113	165	94	107	138	117	216	96	107	97
K00864	99	102	201	92	63	115	196	226	154	193	98	139	141	114	118	85	269	128	74	165	160	70	257	275	218	381	179	182	49	126	244	158	231	183	265	208	183	485	593	522	552	245	354	382	937	308	117	160
K07788	164	NA	106	NA	NA	78	493	85	NA	NA	NA	202	NA	NA	NA	NA	94	NA	101	NA	NA	NA	79	50	NA	89	NA	151	NA	NA	NA	NA	NA	58	NA	NA	83	387	549	61	396	NA	133	67	354	183	NA	NA
K00604	71	68	127	85	128	88	137	66	44	157	103	156	111	100	62	110	94	83	131	203	114	66	126	326	277	327	127	172	163	101	179	116	93	139	242	196	236	249	509	224	432	173	243	383	633	269	130	157
K00041	16	NA	NA	NA	NA	NA	NA	NA	NA	NA	NA	NA	14	NA	NA	NA	NA	NA	NA	NA	NA	7	NA	NA	12	NA	NA	15	NA	NA	NA	NA	NA	NA	NA	NA	NA	NA	NA	22	21	NA	9	35	86	23	NA	NA
K03149	464	491	500	385	456	415	468	467	358	531	482	477	564	443	408	375	456	493	548	687	530	442	570	705	670	697	517	449	507	552	540	486	511	488	536	632	640	779	807	715	907	701	636	818	1001	634	535	623
K05275	192	294	286	269	235	344	536	426	175	590	325	508	422	456	367	474	308	275	391	427	514	255	544	844	1012	873	468	627	418	330	614	573	583	604	476	630	490	1003	1152	704	1015	703	994	962	2078	938	440	539
K02049	386	500	468	595	301	496	214	458	337	497	289	742	414	427	409	350	536	486	517	627	459	226	319	831	810	852	547	981	501	420	818	513	608	560	803	843	662	1015	1056	801	1082	836	721	1099	1654	783	412	685
K17205	NA	NA	NA	NA	NA	NA	NA	NA	NA	NA	NA	NA	NA	NA	NA	NA	NA	NA	NA	NA	NA	NA	NA	NA	NA	11	NA	NA	NA	NA	NA	10	NA	NA	NA	NA	NA	NA	NA	NA	NA	NA	NA	NA	NA	NA	NA	NA
K05556	NA	NA	NA	NA	NA	NA	NA	NA	NA	NA	NA	NA	NA	NA	NA	18	NA	NA	NA	NA	NA	NA	NA	NA	NA	NA	NA	NA	NA	NA	NA	NA	13	NA	NA	13	NA	NA	NA	NA	NA	NA	NA	NA	NA	NA	NA	NA
K22214	NA	NA	NA	NA	35	NA	NA	40	NA	NA	NA	NA	NA	NA	NA	26	NA	NA	37	NA	26	NA	NA	NA	NA	NA	NA	NA	NA	NA	NA	NA	NA	NA	NA	NA	37	NA	NA	NA	NA	23	NA	NA	NA	50	NA	NA
K13355	NA	NA	NA	NA	12	NA	NA	NA	NA	NA	NA	NA	17	NA	NA	NA	NA	NA	NA	NA	NA	NA	NA	NA	23	NA	NA	20	NA	8	20	29	NA	NA	44	NA	NA	21	NA	16	NA	NA	NA	NA	NA	NA	NA	8
K00817	202	258	190	173	96	269	257	188	148	308	208	328	173	176	158	375	181	232	308	315	251	192	316	542	546	582	394	277	259	329	387	315	331	266	336	355	417	679	696	443	851	404	484	464	1187	556	224	342
K08697	NA	NA	NA	NA	NA	NA	NA	2	NA	NA	NA	NA	NA	NA	NA	NA	NA	NA	NA	1	NA	6	NA	NA	NA	NA	NA	NA	2	5	NA	NA	NA	NA	NA	2	NA	NA	NA	3	NA	NA	NA	NA	NA	NA	NA	NA
K06377	NA	NA	NA	NA	NA	NA	NA	NA	6	1	NA	NA	NA	NA	NA	NA	NA	NA	NA	NA	NA	NA	NA	NA	NA	NA	NA	NA	NA	NA	NA	NA	NA	6	6	5	NA	NA	NA	NA	NA	NA	NA	NA	NA	NA	NA	5
K17105	NA	NA	NA	NA	NA	NA	NA	NA	NA	NA	NA	NA	NA	NA	NA	NA	NA	NA	NA	NA	NA	NA	NA	NA	NA	NA	NA	NA	NA	NA	NA	NA	NA	NA	NA	NA	NA	NA	NA	NA	NA	NA	11	NA	23	14	NA	NA
K02502	70	82	47	82	38	100	114	104	83	62	41	131	46	74	23	91	NA	55	68	56	84	42	59	115	98	160	60	97	127	115	95	35	85	84	80	141	83	261	187	187	198	77	158	172	328	125	40	211
K03519	79	268	162	178	172	206	217	136	139	162	116	247	120	108	152	187	202	67	253	233	180	138	161	403	465	415	305	287	259	280	392	159	308	308	208	341	298	332	419	416	477	300	369	508	567	342	168	277
K00324	104	122	80	146	142	143	71	113	64	205	130	97	91	118	153	206	105	128	113	258	188	96	114	344	232	350	202	205	160	185	224	171	129	230	185	263	219	430	342	303	647	268	345	429	883	316	113	321
K00166	NA	12	NA	NA	NA	NA	NA	NA	14	15	NA	NA	NA	NA	NA	NA	18	NA	NA	23	55	13	46	NA	NA	17	NA	34	NA	7	NA	NA	NA	NA	NA	NA	35	97	69	53	126	16	64	56	107	30	NA	21
K03855	NA	1	6	6	4	14	4	8	6	21	8	9	8	NA	8	15	8	7	19	14	13	12	5	22	22	27	22	10	11	2	14	6	14	16	15	15	9	12	22	13	26	9	23	12	22	20	22	2
K17592	NA	NA	NA	NA	NA	NA	NA	NA	NA	5	NA	NA	NA	NA	NA	NA	NA	NA	NA	NA	NA	NA	NA	NA	NA	NA	5	NA	NA	NA	NA	NA	NA	NA	NA	NA	NA	NA	NA	NA	NA	NA	NA	NA	NA	NA	NA	NA
K09908	5	NA	NA	NA	NA	NA	NA	NA	NA	NA	NA	NA	NA	NA	NA	NA	NA	NA	NA	NA	NA	NA	NA	NA	NA	NA	NA	NA	NA	NA	NA	NA	NA	NA	NA	NA	NA	NA	NA	NA	NA	NA	NA	NA	NA	NA	NA	NA
K14260	10	7	NA	23	10	48	30	NA	NA	51	NA	36	39	21	20	29	5	17	NA	35	17	27	46	30	52	78	31	62	18	61	28	13	10	26	16	46	26	148	103	77	207	77	127	63	306	64	NA	95
K18123	NA	14	95	18	11	10	91	30	47	NA	17	85	NA	35	14	NA	43	20	79	19	23	27	NA	NA	14	NA	11	NA	NA	NA	NA	NA	18	16	13	NA	11	12	NA	23	13	13	10	8	NA	23	NA	NA
K05782	6	49	23	41	8	36	34	25	21	NA	17	8	6	32	3	16	NA	15	17	16	NA	30	9	19	10	56	NA	42	20	3	31	NA	27	20	26	33	26	30	25	27	58	18	55	5	63	27	17	5
K03415	NA	NA	NA	NA	NA	NA	NA	NA	NA	NA	NA	NA	NA	NA	NA	NA	NA	NA	NA	NA	NA	10	NA	NA	NA	21	NA	NA	NA	NA	NA	NA	NA	NA	NA	NA	NA	43	20	18	62	5	48	NA	160	28	NA	NA
K18990	NA	19	NA	NA	NA	NA	10	13	NA	NA	NA	12	NA	9	NA	11	NA	NA	NA	48	NA	NA	22	14	14	24	NA	29	17	NA	11	NA	NA	10	NA	NA	38	88	86	19	90	NA	48	73	172	22	6	13
K12209	NA	NA	NA	NA	NA	NA	NA	NA	NA	NA	NA	NA	NA	NA	NA	NA	NA	NA	NA	NA	NA	NA	NA	NA	NA	NA	NA	NA	NA	NA	NA	NA	NA	NA	NA	NA	NA	9	NA	NA	NA	NA	NA	NA	41	NA	NA	NA
K10945	6	10	NA	NA	8	NA	9	NA	NA	NA	32	NA	25	39	8	NA	5	NA	13	7	NA	NA	NA	NA	31	31	NA	NA	34	22	7	36	29	14	5	18	14	43	34	28	37	7	56	32	57	22	NA	51
K22894	88	228	80	287	126	395	82	201	76	288	180	365	263	177	253	351	314	343	381	436	637	156	595	1162	794	1270	658	292	586	371	452	295	414	780	514	404	358	895	755	773	895	931	885	1160	2164	613	687	469
K02783	NA	NA	0	NA	3	3	NA	NA	NA	8	NA	NA	9	7	8	NA	4	NA	NA	6	NA	NA	3	6	4	9	3	1	NA	5	8	16	8	9	16	7	3	NA	NA	4	1	NA	NA	4	9	NA	NA	7
K02481	414	114	399	156	119	199	1583	373	584	163	344	966	82	158	47	145	343	247	423	245	86	146	57	369	211	46	208	246	178	185	244	220	298	104	170	77	394	458	563	287	561	211	310	404	308	222	116	167
K06941	699	804	687	776	789	902	766	853	582	960	706	987	860	908	835	932	982	802	834	1052	986	763	875	1317	1201	1320	1166	1163	872	989	1098	886	1043	1075	1040	1005	1031	1518	1577	1485	1782	1201	1388	1601	2123	1370	1023	1147
K00435	7	55	26	31	48	66	27	51	25	62	47	79	64	45	74	45	33	82	71	99	120	38	127	104	168	141	95	85	92	106	112	59	51	112	64	130	80	106	116	91	145	76	122	102	174	88	69	107
K14301	NA	NA	NA	NA	NA	NA	NA	NA	NA	NA	3	NA	NA	NA	NA	NA	NA	NA	NA	NA	NA	NA	NA	NA	NA	NA	NA	NA	NA	NA	NA	NA	NA	NA	NA	NA	NA	NA	NA	NA	NA	NA	NA	NA	NA	NA	NA	NA
K22553	NA	NA	NA	NA	NA	13	NA	NA	NA	17	NA	NA	13	21	10	46	33	15	NA	NA	12	NA	13	29	NA	33	15	14	NA	NA	31	11	17	NA	NA	19	NA	NA	31	17	48	25	20	NA	24	NA	23	36
K06163	17	21	NA	8	37	48	10	15	11	NA	7	7	7	20	47	28	20	18	18	17	10	9	9	19	22	29	NA	8	19	8	41	71	9	43	35	12	48	43	NA	47	45	NA	26	9	21	32	NA	NA
K02911	65	62	49	67	72	54	55	50	39	NA	56	54	63	NA	82	65	66	50	50	71	74	51	65	107	79	85	NA	79	66	96	80	NA	71	84	73	75	NA	107	121	113	140	91	100	121	NA	105	65	72
K08641	129	133	172	196	192	194	230	194	128	228	188	227	225	246	244	223	185	237	193	267	259	178	321	307	312	352	214	301	161	224	293	206	199	220	278	232	266	406	456	404	639	237	371	305	684	427	165	241
K02196	5	8	18	13	9	7	7	9	7	11	5	10	35	12	7	13	12	12	7	13	8	5	13	18	28	23	21	11	14	6	16	22	25	8	16	23	21	25	28	23	22	23	17	22	41	16	14	15
K08977	NA	NA	NA	NA	NA	NA	NA	NA	NA	NA	NA	8	NA	NA	NA	NA	NA	NA	NA	NA	NA	NA	NA	NA	NA	NA	NA	NA	NA	NA	NA	NA	NA	NA	NA	NA	NA	NA	NA	NA	9	NA	NA	NA	NA	5	NA	NA
K16740	NA	NA	62	NA	NA	NA	NA	NA	NA	NA	NA	NA	NA	NA	NA	NA	NA	NA	NA	NA	NA	NA	NA	NA	NA	NA	NA	NA	NA	NA	NA	NA	NA	NA	29	NA	NA	NA	NA	NA	NA	NA	NA	NA	NA	NA	NA	NA
K07010	302	291	245	266	286	353	313	241	183	393	281	308	312	308	267	394	307	284	340	449	376	276	410	659	586	646	492	342	288	442	482	380	369	348	431	471	452	581	643	579	583	473	630	722	901	547	446	441
K16244	NA	NA	NA	NA	NA	NA	NA	NA	NA	NA	NA	NA	NA	NA	NA	NA	NA	NA	NA	3	NA	NA	NA	NA	NA	5	NA	NA	5	NA	NA	NA	NA	7	NA	2	NA	NA	NA	NA	NA	NA	NA	NA	1	NA	NA	7
K22747	NA	54	NA	26	52	32	21	NA	25	17	NA	NA	38	NA	NA	NA	NA	NA	NA	28	25	25	38	NA	NA	70	NA	65	38	22	25	31	NA	34	NA	NA	NA	225	328	106	211	41	80	144	285	112	32	35
K18399	NA	NA	NA	NA	NA	NA	40	NA	NA	NA	NA	NA	NA	5	NA	NA	NA	NA	NA	NA	NA	NA	NA	NA	NA	NA	NA	NA	NA	NA	NA	NA	NA	NA	NA	NA	NA	5	NA	NA	NA	NA	NA	NA	NA	NA	NA	NA
K06937	633	421	493	474	400	492	823	501	436	371	459	528	402	407	370	548	382	332	541	457	465	466	451	450	319	381	319	377	381	305	481	341	379	390	378	319	399	389	586	505	485	454	379	476	405	332	345	401
K09947	4	33	18	41	57	38	19	12	10	49	35	20	30	23	42	27	56	37	32	54	25	18	26	54	83	58	68	22	54	59	89	39	61	69	47	64	51	30	49	63	81	27	60	42	45	42	33	29
K00253	47	117	63	81	146	125	36	87	43	129	120	74	75	139	30	144	87	95	68	61	121	97	129	56	119	179	152	100	128	118	197	127	85	129	120	111	91	240	194	102	311	72	163	178	446	168	25	87
K02899	168	198	167	192	199	223	167	201	104	183	160	209	183	186	215	158	196	153	231	NA	239	152	218	280	244	NA	247	227	206	218	NA	233	212	223	220	NA	211	326	NA	314	399	NA	255	NA	NA	265	217	212
K15024	NA	NA	NA	NA	17	13	NA	NA	NA	10	16	9	13	13	NA	13	NA	NA	29	NA	6	NA	18	29	50	6	NA	8	NA	18	24	25	40	6	33	63	40	11	19	17	45	NA	NA	24	85	40	23	17
K03043	822	790	696	717	642	1058	1114	1009	648	966	592	1246	995	546	902	782	1039	925	655	1470	970	1037	1207	1639	1795	2073	1050	1331	1000	1375	1351	1660	996	1160	1235	1057	1352	2622	2686	1969	2450	1429	1813	2591	3889	2158	992	1543
K20444	82	239	408	111	86	128	880	390	166	212	90	598	154	164	145	178	198	663	295	169	99	121	228	577	421	450	123	175	248	162	110	239	241	150	140	272	618	444	454	558	440	325	372	439	1132	358	194	313
K16874	86	34	80	70	87	88	104	84	24	40	58	131	50	60	23	73	71	61	15	120	65	28	35	95	199	21	97	22	68	142	184	45	208	79	186	228	149	189	66	126	93	157	225	17	102	127	22	74
K19048	NA	NA	0	NA	NA	NA	NA	NA	NA	2	NA	NA	NA	NA	NA	NA	NA	NA	NA	2	5	9	5	6	NA	6	2	NA	NA	NA	NA	NA	NA	NA	NA	NA	NA	NA	27	NA	NA	NA	3	NA	4	NA	NA	NA
K13039	NA	NA	NA	NA	NA	NA	NA	NA	NA	NA	NA	NA	9	8	6	NA	NA	NA	NA	NA	9	NA	NA	NA	11	NA	NA	NA	6	NA	NA	2	4	11	NA	NA	7	NA	NA	NA	NA	NA	NA	NA	NA	NA	NA	9
K14215	NA	NA	NA	NA	NA	NA	NA	NA	NA	NA	NA	NA	NA	NA	NA	NA	NA	NA	NA	NA	7	NA	NA	NA	NA	NA	NA	NA	NA	NA	11	NA	NA	NA	NA	NA	NA	NA	NA	NA	NA	NA	NA	NA	20	NA	NA	4
K14540	NA	NA	NA	NA	NA	NA	NA	NA	NA	NA	NA	NA	21	17	NA	NA	NA	NA	NA	NA	NA	NA	NA	NA	NA	15	NA	NA	NA	NA	10	NA	NA	NA	NA	NA	NA	NA	NA	NA	NA	NA	9	NA	NA	NA	NA	NA
K11902	18	39	NA	11	2	15	13	NA	69	35	8	40	2	10	7	27	31	NA	13	39	10	36	3	37	20	46	NA	28	NA	8	17	6	29	13	7	NA	NA	42	123	31	104	34	91	45	232	5	9	13
K07776	5	NA	18	33	26	21	NA	NA	NA	25	NA	NA	31	8	21	16	21	28	11	26	16	12	50	45	40	79	54	10	NA	8	30	12	18	18	26	30	14	60	35	57	52	9	21	80	110	7	32	21
K08321	17	40	19	30	15	NA	20	NA	NA	20	22	44	51	62	15	8	66	18	15	36	34	25	22	44	56	56	14	15	NA	NA	41	NA	40	24	NA	50	33	33	47	34	34	68	16	38	67	22	48	42
K24136	20	6	11	NA	NA	7	17	NA	32	7	NA	NA	NA	10	NA	NA	NA	NA	NA	NA	19	NA	11	NA	NA	NA	NA	NA	NA	13	NA	NA	NA	NA	NA	NA	NA	7	NA	NA	NA	NA	NA	NA	NA	NA	NA	NA
K09252	NA	32	174	39	60	40	197	43	38	35	32	73	60	38	27	13	100	NA	44	49	20	20	52	68	NA	NA	NA	20	24	28	17	29	59	55	29	49	68	86	144	74	12	18	39	17	81	52	39	33
K06879	NA	NA	NA	NA	NA	11	NA	NA	NA	NA	NA	NA	NA	NA	NA	NA	NA	NA	NA	4	7	5	NA	8	30	34	NA	19	7	3	NA	NA	3	6	7	NA	NA	103	98	33	135	17	71	14	270	68	5	16
K21008	NA	5	NA	NA	NA	NA	NA	NA	NA	NA	4	6	NA	11	NA	NA	NA	NA	6	NA	NA	3	NA	3	5	NA	7	NA	19	NA	NA	NA	NA	NA	4	NA	NA	NA	NA	NA	9	NA	NA	NA	3	NA	NA	NA
K01817	69	82	59	96	31	40	126	124	63	66	47	126	31	81	65	56	35	32	66	115	70	80	86	159	130	180	104	101	92	69	87	82	55	77	112	60	106	239	228	156	342	150	180	215	342	157	79	114
K14446	41	78	28	5	100	124	22	114	109	123	56	126	45	111	176	147	110	202	75	75	130	37	121	148	230	131	228	243	223	121	109	149	136	168	170	137	242	310	134	107	146	136	262	219	282	139	83	125
K03535	NA	NA	NA	NA	NA	NA	NA	NA	NA	NA	NA	NA	NA	NA	NA	NA	NA	NA	NA	NA	NA	NA	NA	NA	NA	NA	NA	NA	NA	NA	NA	NA	NA	NA	NA	NA	NA	12	55	NA	NA	NA	NA	NA	27	NA	NA	NA
K02394	110	183	138	143	179	154	70	176	163	124	106	178	132	118	130	199	181	139	189	242	204	103	224	207	226	309	167	296	203	184	175	149	198	193	221	196	177	511	574	273	547	259	393	450	828	395	233	295
K05603	62	21	14	20	7	30	16	72	NA	32	16	34	42	16	39	17	58	79	51	46	64	3	84	75	124	187	98	58	51	32	67	50	32	19	68	54	62	301	191	140	403	32	173	184	500	140	36	94
K07457	5	4	15	11	18	2	2	19	12	10	11	6	NA	15	NA	11	NA	NA	9	4	NA	NA	8	NA	NA	NA	NA	16	NA	7	19	11	10	NA	16	13	NA	18	5	10	17	NA	NA	5	NA	6	10	8
K03538	NA	NA	NA	NA	NA	NA	NA	NA	NA	NA	NA	NA	NA	NA	NA	NA	NA	NA	NA	NA	NA	NA	NA	NA	NA	NA	NA	NA	NA	NA	NA	NA	NA	NA	NA	NA	NA	2	NA	NA	NA	NA	NA	NA	NA	NA	NA	NA
K00275	286	312	345	317	336	381	452	343	174	477	295	355	NA	362	354	432	375	299	439	487	519	299	418	672	707	696	514	530	376	446	479	383	509	506	491	553	529	688	762	718	832	567	701	796	1218	665	504	491
K23414	NA	NA	NA	NA	NA	NA	NA	NA	NA	NA	NA	NA	4	NA	NA	NA	NA	NA	NA	NA	NA	NA	7	NA	6	6	NA	NA	NA	NA	NA	4	NA	NA	6	NA	NA	NA	NA	NA	10	NA	7	8	11	NA	NA	6
K01628	50	32	71	64	60	94	140	117	73	91	71	119	82	29	80	79	92	47	158	50	53	65	62	100	50	55	71	32	96	53	83	67	80	75	106	126	37	44	80	62	95	99	66	55	65	97	51	23
K03978	177	211	148	123	162	159	229	171	102	164	129	212	149	147	191	175	173	129	143	175	201	174	189	243	290	293	197	202	161	198	219	213	197	165	173	188	205	340	471	225	405	204	295	333	535	257	200	170
K06048	753	814	680	788	850	961	838	650	483	1144	697	1012	1036	997	964	1109	960	1070	997	1217	1067	714	1251	1712	1653	1768	1417	1141	1106	1072	1265	1085	1227	1082	1199	1310	1212	1549	1412	1603	1540	1535	1419	1916	2914	1511	1176	1327
K10199	NA	NA	NA	NA	NA	NA	NA	NA	NA	NA	NA	NA	NA	NA	NA	NA	NA	NA	NA	NA	NA	NA	NA	NA	NA	NA	NA	NA	31	NA	NA	NA	NA	NA	NA	NA	NA	NA	NA	NA	NA	NA	NA	NA	NA	NA	NA	NA
K03057	NA	NA	NA	NA	NA	NA	NA	NA	NA	NA	NA	NA	NA	2	NA	NA	NA	NA	NA	NA	NA	NA	NA	NA	NA	2	NA	NA	NA	NA	NA	5	NA	NA	NA	NA	1	5	NA	4	NA	NA	NA	5	NA	NA	NA	14
K07743	3	7	NA	NA	NA	NA	4	NA	NA	NA	1	3	6	8	NA	NA	0	5	9	5	5	4	8	NA	4	NA	NA	NA	5	NA	NA	10	8	9	3	2	3	NA	6	NA	2	NA	NA	NA	NA	NA	NA	4
K20265	72	33	19	56	18	51	246	121	58	157	60	161	102	39	62	111	118	62	132	111	138	137	114	188	188	186	122	26	51	119	149	132	54	73	83	58	165	80	198	143	212	106	190	246	213	76	NA	160
K12942	NA	3	NA	7	23	NA	NA	NA	NA	NA	9	NA	9	23	15	15	7	NA	7	NA	NA	4	NA	NA	NA	9	NA	NA	NA	15	NA	7	NA	NA	5	NA	NA	NA	NA	6	5	NA	NA	7	18	NA	NA	29
K03930	37	NA	35	9	13	18	127	NA	35	33	NA	59	NA	14	13	26	33	10	67	36	19	8	27	44	22	96	NA	14	NA	14	14	12	NA	25	24	16	NA	36	81	39	144	20	76	19	167	14	7	4
K05580	NA	NA	NA	NA	NA	NA	NA	NA	NA	NA	NA	NA	0	NA	NA	NA	NA	7	NA	NA	NA	NA	NA	NA	NA	NA	NA	NA	NA	NA	NA	NA	NA	NA	NA	NA	NA	NA	NA	NA	NA	NA	NA	NA	NA	NA	NA	NA
K11082	NA	NA	NA	NA	NA	NA	NA	NA	NA	NA	NA	NA	NA	NA	7	NA	NA	NA	NA	11	NA	NA	NA	11	NA	NA	NA	11	NA	NA	NA	NA	NA	NA	5	NA	NA	NA	28	NA	NA	NA	17	22	14	NA	NA	NA
K07505	NA	NA	NA	15	NA	NA	NA	NA	5	NA	NA	NA	NA	NA	NA	NA	NA	NA	NA	6	NA	NA	NA	NA	NA	NA	NA	NA	NA	NA	NA	NA	6	NA	NA	NA	NA	NA	NA	24	7	NA	NA	NA	34	NA	NA	40
K07991	NA	NA	NA	NA	NA	NA	NA	NA	NA	NA	NA	NA	NA	NA	NA	NA	NA	NA	NA	NA	NA	NA	NA	NA	NA	NA	NA	NA	NA	NA	NA	NA	NA	NA	NA	NA	NA	NA	NA	NA	NA	21	NA	NA	NA	NA	NA	NA
K02935	211	290	229	251	236	291	213	310	259	352	294	NA	368	327	352	325	NA	305	NA	347	356	254	399	439	NA	506	364	427	412	387	NA	328	NA	357	452	343	NA	654	635	612	702	NA	535	681	784	480	NA	NA
K12255	NA	10	NA	NA	NA	24	NA	NA	17	19	NA	NA	NA	NA	NA	NA	NA	NA	NA	NA	NA	NA	NA	NA	NA	NA	NA	NA	NA	NA	NA	NA	NA	16	NA	NA	NA	NA	NA	NA	NA	NA	16	NA	16	NA	NA	NA
K00284	NA	NA	NA	NA	NA	NA	NA	104	NA	NA	NA	NA	NA	NA	NA	NA	NA	NA	NA	NA	NA	NA	NA	NA	NA	NA	NA	NA	NA	NA	NA	NA	NA	NA	NA	NA	NA	NA	NA	NA	NA	NA	NA	NA	NA	NA	NA	NA
K03593	974	1172	819	1003	1123	1126	950	921	789	1269	1178	1112	1235	1184	1069	1127	1046	1119	1072	1215	1259	962	1095	1713	1568	1601	1296	1333	1192	1329	1402	1310	1293	1353	1295	1426	1308	1776	1744	1625	2022	1436	1631	1957	2549	1566	1220	1340
K08137	NA	NA	NA	NA	NA	NA	NA	NA	NA	NA	14	NA	NA	NA	NA	21	NA	NA	NA	NA	NA	NA	23	NA	NA	NA	NA	NA	NA	NA	20	NA	NA	NA	NA	23	28	NA	NA	NA	64	67	57	NA	NA	NA	48	NA
K18297	21	NA	NA	NA	NA	NA	91	19	23	27	16	30	31	NA	NA	NA	41	13	53	NA	NA	NA	NA	9	NA	25	NA	NA	NA	25	12	14	14	18	NA	20	NA	NA	44	NA	15	NA	13	35	42	7	NA	15
K00364	NA	NA	NA	NA	NA	14	NA	NA	16	NA	NA	NA	NA	NA	NA	9	NA	NA	NA	NA	NA	9	NA	7	19	14	NA	NA	NA	NA	NA	NA	NA	NA	NA	NA	NA	NA	32	15	NA	6	25	52	72	NA	NA	NA
K00278	59	45	14	21	31	27	207	44	72	19	26	88	19	45	59	24	42	100	111	67	74	33	81	62	95	164	73	75	47	60	50	32	83	114	50	78	73	203	361	140	335	34	65	93	360	73	51	101
K00426	320	557	342	529	482	604	391	417	287	630	465	518	659	583	612	685	594	593	557	632	675	486	566	1033	1143	1124	823	701	700	581	800	682	792	864	705	864	659	1054	NA	1067	1203	996	969	1027	1701	924	679	814
K16255	NA	NA	NA	NA	NA	NA	NA	NA	NA	NA	NA	NA	NA	NA	NA	NA	NA	3	NA	NA	NA	NA	NA	NA	NA	NA	NA	NA	NA	NA	NA	NA	NA	NA	NA	NA	NA	NA	NA	NA	NA	NA	NA	NA	NA	NA	NA	NA
K01118	54	44	31	62	51	41	38	48	40	92	70	59	72	62	94	107	89	74	63	57	77	105	83	122	101	139	69	113	109	54	99	108	101	145	93	97	118	135	136	127	259	93	179	81	375	84	57	82
K14584	NA	NA	NA	NA	NA	NA	NA	NA	NA	NA	NA	NA	NA	NA	NA	NA	NA	NA	NA	NA	NA	NA	NA	10	NA	NA	10	NA	NA	NA	NA	NA	NA	NA	8	5	NA	NA	NA	NA	5	3	NA	NA	NA	8	NA	NA
K24017	NA	7	NA	NA	15	NA	NA	NA	NA	10	NA	7	27	7	NA	NA	9	10	NA	NA	13	20	17	42	16	6	12	23	NA	5	28	25	20	22	11	6	14	29	27	10	27	NA	44	26	43	16	21	16
K07667	118	125	106	116	96	252	185	148	25	138	77	163	116	122	167	136	186	143	206	328	169	91	159	332	342	454	257	199	105	139	260	172	270	199	220	270	192	466	499	276	380	261	334	519	746	341	183	238
K11072	57	121	35	70	42	83	129	105	50	189	50	165	130	143	119	115	62	47	72	108	197	77	151	252	272	298	218	125	139	120	238	183	168	153	145	72	163	307	312	227	230	159	289	352	564	192	128	224
K11910	NA	NA	NA	NA	NA	NA	NA	NA	NA	NA	NA	NA	NA	NA	NA	NA	NA	NA	NA	NA	NA	19	NA	NA	NA	NA	NA	NA	NA	NA	NA	NA	NA	NA	NA	NA	NA	NA	80	NA	NA	NA	NA	NA	NA	NA	NA	NA
K11163	37	11	69	11	7	43	168	31	37	39	44	106	40	NA	10	42	67	13	58	50	66	23	31	110	25	29	13	14	35	18	25	26	11	15	19	39	27	27	88	26	44	59	28	75	99	78	15	23
K10544	37	73	20	33	21	60	112	81	30	133	NA	69	31	25	18	NA	110	41	85	28	91	37	75	86	144	147	19	32	22	62	113	17	33	52	66	51	17	135	172	106	84	101	127	199	314	107	NA	59
K00036	411	562	544	489	488	613	678	675	370	890	515	767	468	628	576	639	716	608	683	777	981	509	910	1567	1419	1670	920	808	659	661	1166	923	988	858	870	871	1083	1722	1708	1406	2065	894	1511	1482	2821	1345	452	936
K22478	NA	NA	NA	NA	NA	NA	NA	NA	NA	NA	NA	NA	NA	NA	NA	NA	NA	NA	NA	NA	NA	NA	NA	NA	36	33	NA	NA	NA	NA	NA	NA	NA	NA	NA	NA	NA	87	81	NA	141	NA	63	NA	266	55	NA	40
K02639	NA	4	NA	NA	NA	NA	NA	NA	NA	NA	NA	NA	NA	NA	NA	NA	NA	NA	NA	NA	NA	NA	NA	NA	NA	NA	NA	NA	NA	NA	NA	NA	NA	NA	NA	NA	NA	NA	NA	NA	NA	NA	NA	NA	NA	NA	NA	NA
K06207	635	858	738	793	619	814	695	766	539	1035	646	815	860	754	899	749	702	731	717	1097	1073	730	883	1268	1294	1420	915	811	765	924	992	837	954	730	907	925	955	1539	1550	1343	1992	1205	1234	1693	2664	1479	637	993
K01585	NA	45	NA	57	73	57	21	91	17	38	25	17	23	134	NA	38	88	41	NA	NA	108	14	147	155	208	93	69	193	80	164	146	73	157	175	154	110	72	179	210	95	146	129	77	196	295	177	117	57
K16212	NA	NA	NA	NA	NA	NA	NA	NA	NA	NA	NA	7	NA	NA	NA	NA	NA	NA	NA	NA	NA	NA	NA	NA	NA	NA	NA	NA	NA	NA	NA	NA	NA	NA	NA	NA	NA	10	22	NA	20	NA	NA	21	NA	12	NA	NA
K01710	74	14	14	11	20	28	119	93	39	31	53	96	50	55	NA	9	91	58	41	48	56	NA	94	152	64	84	21	56	88	14	55	33	33	55	69	95	87	171	224	75	229	94	118	154	499	228	77	122
K18929	87	100	109	45	32	124	125	126	65	175	55	183	92	159	100	148	82	97	133	151	102	60	131	223	213	266	178	173	57	135	221	147	253	130	97	206	194	228	386	241	243	124	264	303	394	207	205	174
K05535	NA	NA	NA	NA	NA	NA	NA	NA	NA	NA	NA	NA	NA	NA	NA	3	NA	NA	NA	NA	NA	NA	NA	NA	NA	NA	NA	NA	NA	NA	NA	NA	NA	NA	NA	NA	NA	NA	NA	NA	NA	NA	NA	NA	NA	NA	7	NA
K01822	12	16	12	16	NA	25	13	11	33	12	5	19	9	17	NA	20	4	5	8	8	20	14	10	25	52	35	26	41	13	7	15	21	14	30	21	14	26	35	34	45	15	11	21	54	61	26	14	7
K04651	48	59	42	55	60	70	110	52	30	57	30	89	52	50	57	76	59	36	27	50	83	37	49	75	96	88	70	45	90	43	59	59	58	68	49	78	84	42	66	60	77	69	69	82	46	77	50	24
K06287	330	329	259	307	301	381	331	300	220	444	365	412	300	299	NA	461	374	307	356	481	420	345	381	650	604	665	472	474	458	445	431	374	419	425	496	462	489	734	708	687	950	562	656	756	1221	687	452	456
K02471	89	148	101	146	81	206	26	279	42	288	121	217	182	175	149	266	203	155	222	101	83	88	112	197	339	259	341	285	122	213	307	229	295	231	210	168	294	304	125	205	334	183	224	285	345	246	120	319
K06906	NA	NA	NA	NA	NA	NA	NA	5	4	1	NA	NA	NA	NA	NA	2	NA	NA	NA	NA	NA	NA	NA	NA	NA	NA	NA	NA	NA	NA	NA	NA	NA	NA	NA	NA	NA	NA	NA	NA	1	NA	NA	NA	0	NA	NA	NA
K23237	NA	NA	NA	NA	NA	NA	NA	NA	NA	NA	NA	NA	NA	NA	NA	NA	NA	NA	NA	NA	NA	2	NA	NA	NA	NA	NA	NA	NA	NA	NA	NA	NA	NA	NA	NA	NA	NA	17	NA	NA	NA	NA	NA	27	NA	NA	NA
K10563	206	215	120	217	174	240	224	271	137	203	192	219	161	231	257	257	195	253	287	388	409	267	361	518	460	545	384	397	306	303	352	275	281	294	227	367	233	596	598	530	697	438	484	583	1286	549	245	332
K04116	24	NA	NA	NA	NA	57	NA	121	27	NA	NA	NA	NA	NA	NA	NA	NA	NA	20	NA	NA	NA	NA	21	NA	NA	NA	NA	NA	NA	33	NA	NA	NA	NA	33	33	25	NA	NA	36	24	27	NA	21	NA	NA	NA
K03631	415	601	491	560	492	578	623	549	362	747	492	695	581	583	527	573	515	520	605	829	771	499	813	1078	1008	1170	913	1003	742	879	778	750	762	760	709	906	841	1380	1491	1250	1627	1111	1258	1482	2468	1190	863	1044
K05798	NA	NA	NA	NA	NA	NA	NA	NA	NA	NA	NA	NA	NA	NA	NA	NA	NA	NA	NA	NA	NA	NA	NA	NA	NA	NA	NA	NA	NA	NA	NA	NA	NA	NA	NA	NA	NA	NA	NA	NA	NA	NA	13	NA	17	NA	NA	NA
K23275	NA	NA	NA	NA	NA	NA	NA	NA	NA	NA	NA	NA	NA	NA	NA	NA	NA	NA	NA	NA	NA	NA	NA	NA	NA	NA	NA	NA	NA	NA	NA	NA	NA	NA	NA	NA	NA	NA	NA	NA	70	NA	13	NA	28	NA	NA	NA
K00384	259	438	410	425	354	492	632	326	243	668	316	568	541	491	355	435	566	458	483	637	475	313	531	839	909	896	668	675	438	569	691	616	558	775	656	608	638	1142	1346	987	1410	781	886	1077	1986	946	599	485
K05795	NA	NA	NA	NA	NA	NA	NA	NA	NA	5	NA	NA	7	2	9	NA	NA	NA	NA	NA	NA	NA	NA	NA	NA	NA	13	NA	NA	10	NA	NA	NA	NA	NA	NA	5	3	NA	6	4	NA	8	10	22	NA	NA	NA
K23167	NA	NA	NA	NA	13	31	8	NA	NA	9	NA	13	25	NA	11	NA	NA	NA	32	NA	39	19	NA	28	23	39	30	19	NA	NA	NA	NA	8	15	10	36	38	40	17	39	NA	39	16	NA	34	12	18	12
K00970	NA	17	NA	NA	NA	NA	NA	33	26	28	42	NA	20	NA	28	NA	20	75	25	34	76	NA	27	106	78	228	73	21	16	77	141	63	32	50	78	20	123	136	231	60	138	89	211	133	422	141	53	98
K13061	NA	NA	NA	NA	NA	NA	NA	NA	NA	NA	NA	NA	NA	NA	NA	NA	NA	NA	NA	6	NA	NA	NA	NA	NA	NA	NA	NA	NA	NA	NA	NA	NA	NA	NA	NA	NA	10	NA	NA	5	NA	NA	9	8	NA	NA	4
K00130	NA	NA	24	NA	33	43	NA	34	NA	46	31	NA	NA	NA	44	73	NA	NA	NA	NA	NA	20	24	77	35	56	52	33	31	NA	48	40	NA	84	49	45	33	NA	NA	113	40	21	NA	67	32	32	NA	39
K14709	NA	NA	1	NA	NA	NA	NA	NA	NA	NA	NA	NA	NA	NA	NA	NA	NA	NA	NA	NA	NA	NA	NA	NA	NA	NA	NA	NA	NA	NA	NA	NA	NA	NA	NA	NA	NA	NA	NA	NA	NA	NA	NA	NA	NA	NA	NA	NA
K21134	NA	NA	NA	NA	147	NA	85	NA	NA	NA	NA	NA	NA	76	NA	109	NA	NA	NA	107	65	NA	NA	NA	74	NA	NA	NA	78	NA	93	NA	86	NA	74	NA	NA	64	NA	66	NA	NA	NA	NA	47	58	NA	NA
K15974	NA	NA	NA	NA	NA	NA	NA	NA	NA	NA	NA	NA	NA	NA	4	NA	NA	NA	NA	NA	NA	NA	3	NA	18	14	14	6	NA	NA	NA	NA	NA	11	NA	NA	NA	76	20	4	58	NA	24	2	109	28	2	6
K05895	4	43	7	20	38	17	NA	12	NA	28	NA	14	32	11	14	13	23	NA	11	29	11	22	18	23	54	64	22	21	29	44	41	23	23	24	22	42	29	27	27	40	45	18	25	27	51	29	21	23
K11074	NA	NA	25	NA	NA	14	NA	8	3	NA	33	NA	28	16	20	34	36	NA	23	9	NA	35	NA	32	18	19	9	68	13	8	49	NA	NA	64	32	NA	NA	25	11	30	31	20	13	11	57	8	7	22
K03743	154	81	100	72	91	52	139	111	34	129	68	175	105	123	46	74	109	89	138	216	87	61	117	257	226	194	163	117	78	124	145	121	177	129	152	113	174	201	300	279	351	161	205	198	431	253	103	174
K19507	NA	NA	NA	NA	NA	NA	NA	NA	NA	NA	NA	NA	NA	NA	NA	NA	NA	NA	NA	NA	NA	NA	NA	NA	NA	NA	NA	4	NA	NA	NA	NA	NA	NA	NA	NA	NA	NA	NA	NA	NA	NA	NA	NA	NA	NA	NA	NA
K00737	NA	NA	NA	NA	NA	NA	NA	NA	NA	NA	NA	NA	NA	NA	NA	NA	NA	NA	NA	NA	NA	NA	NA	3	NA	NA	2	NA	NA	NA	NA	NA	NA	NA	NA	6	NA	NA	NA	NA	NA	NA	3	NA	NA	4	NA	NA
K00884	50	20	NA	NA	NA	NA	61	NA	26	14	11	64	NA	NA	NA	NA	44	NA	73	18	NA	NA	20	NA	10	26	NA	NA	NA	NA	NA	NA	15	NA	NA	NA	NA	NA	22	23	NA	NA	44	NA	122	13	NA	NA
K18933	NA	NA	20	NA	18	NA	22	NA	NA	NA	26	NA	NA	NA	NA	NA	NA	NA	NA	NA	NA	NA	NA	50	NA	NA	NA	NA	NA	NA	NA	NA	NA	NA	NA	NA	NA	NA	76	18	NA	NA	NA	30	38	18	NA	NA
K00208	261	301	265	361	391	458	326	403	216	492	233	366	350	446	356	339	468	325	423	469	397	211	419	727	603	674	478	289	511	356	602	519	392	431	501	525	527	745	818	607	828	563	687	789	1148	600	308	649
K08227	8	NA	42	NA	NA	NA	NA	18	NA	10	11	NA	12	7	12	NA	10	NA	9	NA	11	NA	NA	NA	NA	NA	8	11	11	NA	11	4	17	8	NA	5	NA	NA	64	10	8	9	11	33	53	23	NA	NA
K16904	5	3	4	NA	NA	3	NA	3	2	NA	NA	5	NA	NA	3	NA	NA	3	6	NA	9	NA	NA	NA	13	14	NA	6	7	NA	NA	4	NA	NA	NA	4	NA	7	12	1	1	NA	6	3	4	3	3	NA
K04761	46	58	29	64	58	47	6	84	56	109	27	29	43	116	83	65	13	27	48	17	75	32	110	103	122	170	94	82	78	52	69	86	99	110	75	98	63	258	129	196	170	118	105	124	366	153	73	69
K10005	5	NA	NA	21	12	6	6	NA	NA	11	NA	10	12	11	22	NA	29	12	26	NA	NA	19	25	33	97	52	33	24	16	30	32	65	38	33	32	43	46	37	14	29	47	19	95	35	66	17	NA	43
K11495	NA	NA	NA	NA	NA	NA	NA	NA	NA	NA	NA	NA	NA	NA	3	NA	NA	NA	NA	NA	NA	NA	NA	NA	NA	NA	NA	NA	NA	NA	NA	NA	NA	NA	NA	NA	NA	NA	NA	NA	NA	NA	NA	NA	NA	NA	4	NA
K11895	31	35	48	34	27	69	7	32	56	47	23	35	18	11	18	55	38	51	22	28	43	63	18	35	79	120	52	54	34	20	41	29	30	70	70	25	69	109	157	57	174	78	118	102	281	51	32	27
K21563	10	9	8	NA	NA	NA	9	NA	NA	NA	NA	NA	8	NA	NA	4	NA	NA	NA	NA	NA	7	NA	NA	NA	5	NA	NA	NA	7	NA	NA	NA	NA	NA	NA	NA	NA	87	11	33	NA	18	44	24	NA	NA	NA
K02551	29	74	NA	28	113	79	41	52	25	69	36	49	66	35	56	45	48	43	67	65	136	52	143	262	145	138	118	154	73	70	70	53	64	119	87	140	42	165	221	272	260	153	187	329	392	119	124	114
K13635	NA	NA	NA	NA	NA	NA	NA	NA	NA	NA	NA	NA	NA	NA	NA	NA	NA	NA	NA	NA	NA	NA	NA	NA	NA	NA	NA	NA	NA	NA	NA	NA	NA	NA	NA	NA	NA	NA	NA	NA	NA	NA	NA	NA	15	NA	NA	NA
K00266	66	58	31	NA	NA	58	114	109	NA	115	20	40	NA	45	21	118	80	NA	97	50	39	33	50	84	145	162	66	122	32	79	61	30	59	94	85	75	132	275	398	62	323	82	155	135	658	143	99	46
K22549	NA	NA	NA	NA	NA	NA	NA	NA	NA	NA	NA	NA	NA	NA	NA	NA	NA	NA	NA	NA	NA	NA	NA	23	NA	NA	NA	NA	NA	NA	NA	NA	NA	NA	NA	NA	NA	NA	143	12	27	NA	28	25	122	21	NA	NA
K07306	NA	38	NA	NA	NA	NA	NA	36	NA	NA	NA	NA	NA	NA	NA	NA	NA	NA	NA	NA	69	NA	NA	NA	40	NA	NA	58	46	46	NA	NA	NA	NA	NA	NA	NA	NA	NA	NA	41	45	NA	NA	NA	NA	NA	NA
K21801	NA	NA	NA	NA	NA	NA	8	NA	NA	17	NA	NA	23	NA	NA	20	NA	NA	NA	NA	NA	16	NA	21	NA	NA	NA	NA	7	NA	NA	NA	NA	21	15	NA	NA	34	NA	NA	36	NA	NA	NA	NA	NA	NA	NA
K22185	15	14	23	8	NA	23	NA	28	11	4	NA	41	NA	NA	11	NA	NA	NA	26	7	NA	13	22	10	NA	NA	9	23	14	13	26	31	12	38	36	16	43	13	41	32	45	29	34	34	36	25	14	NA
K10018	NA	NA	NA	NA	NA	NA	NA	NA	10	NA	NA	7	NA	NA	NA	NA	NA	NA	NA	NA	NA	NA	NA	NA	NA	NA	NA	17	NA	NA	NA	NA	NA	NA	NA	NA	NA	NA	NA	NA	11	NA	NA	17	28	9	NA	NA
K02422	8	NA	10	12	4	30	3	9	22	13	NA	15	10	15	8	10	23	2	32	30	17	17	12	27	21	49	31	24	16	13	14	13	8	4	29	6	24	67	107	33	71	26	89	72	144	53	13	43
K03059	NA	NA	NA	NA	NA	NA	NA	NA	1	NA	NA	NA	2	NA	NA	NA	NA	NA	NA	NA	NA	NA	3	NA	NA	NA	NA	NA	NA	NA	NA	NA	NA	NA	NA	NA	NA	1	NA	NA	NA	1	NA	0	NA	1	NA	2
K08311	72	143	110	72	136	172	86	95	93	73	81	114	136	136	173	131	137	149	106	127	150	122	131	181	196	188	129	214	148	154	182	161	130	192	189	155	146	233	272	198	338	165	216	213	407	180	121	122
K00123	NA	NA	84	NA	87	43	NA	47	NA	92	NA	NA	NA	NA	60	68	NA	NA	NA	133	113	NA	83	63	130	155	NA	125	54	55	96	108	86	96	128	116	NA	313	398	73	104	127	NA	131	416	143	144	NA
K15530	NA	NA	NA	NA	6	NA	NA	NA	NA	NA	NA	NA	NA	NA	NA	NA	NA	NA	NA	NA	NA	NA	NA	NA	NA	8	NA	NA	NA	NA	NA	NA	NA	NA	NA	NA	NA	NA	60	17	NA	NA	NA	NA	32	NA	NA	NA
K21689	NA	NA	NA	NA	NA	NA	6	NA	NA	NA	NA	NA	NA	NA	NA	NA	NA	NA	NA	NA	NA	NA	NA	6	NA	15	10	NA	8	NA	NA	NA	NA	4	NA	NA	4	NA	2	NA	NA	NA	NA	NA	16	NA	NA	3
K23148	NA	NA	NA	NA	NA	NA	NA	NA	NA	NA	NA	NA	NA	NA	NA	NA	NA	NA	NA	NA	NA	NA	NA	NA	NA	5	NA	NA	NA	NA	NA	NA	NA	NA	NA	NA	NA	NA	NA	NA	NA	NA	5	NA	NA	7	NA	NA
K16091	NA	NA	NA	NA	NA	NA	NA	NA	NA	NA	NA	NA	48	NA	NA	NA	NA	NA	NA	NA	NA	NA	NA	NA	NA	41	NA	NA	NA	NA	NA	NA	NA	NA	NA	NA	NA	153	129	45	75	NA	145	32	409	101	NA	NA
K00276	NA	29	NA	28	50	44	NA	33	53	130	NA	37	11	30	66	75	51	NA	27	NA	63	22	88	175	196	77	106	48	71	27	101	37	90	135	57	79	105	90	62	102	128	63	91	76	136	71	44	74
K21019	NA	NA	13	22	9	14	NA	10	NA	6	17	22	16	NA	NA	10	20	25	NA	6	13	NA	NA	26	15	20	17	43	10	32	13	23	NA	20	34	13	NA	19	16	22	32	NA	16	NA	30	18	NA	14
K09988	19	12	4	20	3	23	17	19	7	18	5	16	15	10	6	16	28	11	NA	26	23	7	13	27	32	30	9	43	14	12	20	14	10	14	16	18	18	52	98	46	44	55	46	59	96	35	35	22
K08234	57	95	78	148	96	207	55	108	64	85	105	90	84	98	94	127	61	94	93	134	171	89	165	264	181	216	175	229	133	99	206	106	123	128	166	147	160	183	214	196	302	165	206	261	312	159	82	149
K18996	NA	6	NA	NA	NA	NA	NA	NA	NA	NA	NA	NA	NA	NA	NA	NA	NA	5	NA	NA	NA	3	NA	NA	4	NA	NA	NA	18	NA	NA	NA	NA	24	NA	5	5	5	NA	NA	NA	15	2	NA	26	NA	10	NA
K01997	2976	3488	3346	3090	3108	4192	3033	3418	2593	3914	2996	4462	3078	3038	3175	3983	3999	3061	3664	4081	3192	3358	2889	4853	4692	3993	3821	4092	3504	3715	4874	3619	4253	4528	4672	4423	4422	5192	4226	4573	5478	4455	4751	4547	5993	4837	2754	2746
K03040	1718	1829	NA	1886	1936	2129	1890	1873	1686	2189	1980	2214	2023	2021	1928	1999	1843	1945	2010	2407	2249	1923	2218	2636	2677	2617	2398	2370	2043	2258	2409	2143	2246	2291	2175	2170	2186	2858	2729	2697	3061	2482	2813	2930	NA	2723	2025	2286
K05531	NA	NA	NA	NA	NA	NA	NA	NA	NA	NA	NA	NA	NA	NA	NA	NA	NA	NA	NA	NA	NA	NA	NA	NA	NA	NA	NA	NA	NA	NA	NA	NA	NA	NA	2	NA	NA	NA	NA	NA	NA	NA	NA	NA	NA	NA	NA	NA
K23988	NA	NA	NA	NA	10	10	NA	19	NA	21	14	9	5	4	NA	NA	NA	NA	6	8	NA	NA	NA	10	24	25	10	23	3	NA	NA	35	24	32	16	12	NA	30	45	15	36	22	27	24	83	13	11	NA
K24119	NA	NA	NA	NA	NA	NA	NA	NA	NA	NA	NA	NA	NA	NA	NA	6	NA	NA	NA	NA	8	12	NA	NA	NA	25	NA	NA	NA	NA	12	NA	NA	NA	NA	NA	NA	52	31	12	48	13	43	9	143	23	NA	NA
K03812	NA	NA	NA	NA	1	NA	NA	NA	NA	NA	NA	NA	0	NA	NA	NA	NA	NA	NA	NA	NA	2	NA	NA	NA	NA	2	NA	NA	NA	NA	0	NA	0	NA	NA	0	2	NA	NA	4	4	NA	1	NA	NA	NA	2
K09024	NA	NA	NA	NA	NA	NA	NA	NA	NA	NA	NA	NA	NA	NA	NA	NA	NA	NA	NA	NA	NA	NA	NA	NA	NA	NA	NA	NA	NA	NA	NA	NA	NA	NA	NA	NA	10	NA	NA	NA	NA	NA	NA	NA	12	NA	NA	NA
K00666	145	120	357	103	44	146	1259	205	472	191	136	558	97	246	79	71	450	82	415	369	335	170	485	350	612	828	722	346	306	62	466	253	431	347	329	335	284	820	928	478	1051	575	454	634	1499	461	179	241
K07313	46	23	55	57	28	62	108	71	44	71	48	53	29	60	60	59	40	54	75	78	46	23	96	86	131	158	54	44	62	23	93	61	45	73	55	58	98	76	96	102	140	59	81	72	224	79	49	64
K19116	NA	NA	NA	NA	NA	NA	NA	NA	7	NA	NA	NA	NA	NA	NA	NA	NA	NA	NA	NA	NA	NA	NA	NA	NA	NA	NA	NA	NA	NA	NA	NA	NA	NA	NA	NA	NA	NA	NA	NA	NA	NA	NA	NA	NA	3	NA	NA
K12373	232	225	391	177	145	128	514	339	250	203	220	408	163	95	109	191	219	160	364	311	361	231	271	326	283	454	194	295	122	140	193	177	223	157	206	172	310	1021	1367	502	1201	300	700	524	2129	882	248	448
K00626	427	544	848	623	625	832	825	877	471	1030	476	960	699	645	614	669	709	593	798	1034	1107	563	880	1494	1488	1647	825	1228	601	1097	1011	782	939	1033	974	945	1040	2394	2236	1652	2961	1167	1746	2216	3982	1492	924	1316
K01929	39	178	205	128	24	131	213	107	109	264	208	232	123	121	160	103	143	225	197	236	313	101	200	348	341	363	188	236	126	107	237	148	184	216	190	239	231	645	497	466	630	352	397	604	977	498	152	300
K07102	113	125	147	113	197	181	224	179	134	141	121	221	226	202	169	148	172	119	156	234	244	166	219	312	332	412	279	251	202	293	251	289	161	313	253	214	286	374	415	362	537	262	374	399	634	316	129	290
K21564	27	13	NA	NA	19	7	NA	NA	NA	18	NA	NA	NA	7	28	NA	11	9	NA	25	NA	20	NA	35	24	NA	6	6	16	11	42	NA	20	26	39	10	5	17	23	25	30	9	5	51	62	22	19	NA
K15429	NA	NA	3	NA	NA	NA	NA	NA	NA	NA	NA	NA	NA	NA	11	NA	NA	NA	NA	NA	NA	NA	NA	NA	NA	NA	NA	NA	NA	NA	NA	6	NA	NA	NA	NA	NA	NA	NA	NA	NA	14	NA	15	14	NA	NA	29
K02558	29	39	57	NA	41	39	163	120	63	103	117	96	94	68	28	72	67	140	78	24	95	55	177	146	115	86	60	69	21	18	82	57	50	NA	72	89	99	261	279	175	303	87	178	208	470	222	82	116
K06952	27	67	30	83	68	72	31	17	36	83	41	83	71	66	99	70	80	83	47	67	91	62	64	116	146	151	100	106	79	113	118	94	132	112	113	104	86	129	196	110	148	92	112	208	190	108	86	97
K01738	163	98	168	84	17	107	297	255	164	173	127	279	32	72	44	90	149	47	197	249	102	50	158	117	151	193	120	109	150	178	105	140	117	125	82	214	200	319	526	257	476	111	232	324	642	271	114	282
K21822	NA	NA	NA	NA	NA	NA	NA	NA	NA	NA	NA	NA	NA	NA	NA	NA	NA	NA	NA	NA	NA	NA	NA	NA	NA	NA	NA	NA	NA	NA	NA	NA	NA	NA	NA	NA	NA	NA	NA	NA	47	NA	NA	NA	NA	NA	NA	NA
K07675	38	7	24	30	47	10	NA	53	NA	9	22	12	62	37	NA	30	25	114	19	64	23	17	55	44	77	118	41	44	36	52	60	95	14	45	NA	92	33	166	174	88	116	43	8	68	137	26	5	81
K09140	NA	NA	NA	NA	NA	NA	NA	NA	NA	NA	3	NA	3	2	3	NA	NA	2	NA	NA	1	NA	NA	NA	2	14	NA	NA	2	NA	NA	3	NA	NA	NA	NA	6	8	4	13	5	10	NA	11	12	NA	3	25
K05521	22	NA	NA	NA	NA	13	7	10	NA	4	NA	11	8	NA	12	9	NA	10	17	5	8	NA	10	9	5	NA	NA	11	NA	6	NA	NA	NA	NA	11	NA	15	6	19	11	18	NA	NA	NA	105	NA	8	NA
K13670	NA	NA	14	NA	NA	NA	NA	NA	NA	NA	NA	NA	NA	NA	NA	16	NA	NA	11	NA	NA	NA	NA	NA	NA	9	NA	NA	NA	NA	NA	NA	NA	NA	NA	NA	NA	NA	NA	NA	NA	NA	NA	NA	16	NA	NA	NA
K10843	8	25	18	29	73	8	22	NA	75	70	38	16	61	56	75	5	46	26	59	62	28	42	85	54	186	140	32	117	23	104	123	127	43	97	79	128	72	69	64	63	66	67	141	130	252	60	55	184
K12251	62	39	79	53	19	36	120	55	34	84	55	65	75	47	86	61	35	74	107	94	65	45	115	119	132	165	75	125	68	31	70	71	53	67	18	68	78	275	249	190	262	134	211	233	341	156	45	123
K01814	102	78	37	63	61	122	54	68	75	51	32	66	44	49	114	110	67	27	45	85	76	47	71	124	166	138	91	121	152	97	93	121	155	84	117	74	128	209	211	112	260	93	166	167	321	152	77	126
K12981	NA	NA	NA	NA	NA	NA	NA	NA	NA	NA	NA	NA	NA	NA	NA	NA	NA	NA	NA	NA	NA	4	NA	NA	NA	NA	NA	NA	NA	NA	NA	NA	NA	NA	NA	NA	NA	NA	NA	NA	NA	NA	NA	NA	NA	NA	NA	NA
K06865	NA	NA	NA	NA	NA	NA	NA	NA	NA	NA	NA	NA	NA	NA	NA	NA	NA	NA	NA	NA	NA	NA	NA	NA	NA	NA	NA	NA	NA	NA	NA	NA	NA	NA	NA	NA	NA	NA	NA	NA	NA	29	NA	18	NA	NA	NA	50
K22085	7	4	5	7	7	5	4	8	3	8	5	5	12	9	9	8	7	3	4	6	8	1	4	6	11	12	16	18	8	7	14	4	9	11	13	5	17	12	6	18	13	11	12	23	27	11	7	9
K08152	NA	NA	6	NA	NA	NA	NA	NA	NA	NA	NA	NA	NA	NA	NA	NA	NA	NA	NA	7	17	NA	11	12	9	NA	NA	10	9	NA	NA	19	NA	NA	15	NA	NA	NA	NA	NA	NA	NA	15	NA	10	NA	NA	NA
K00526	319	468	382	405	411	342	364	397	443	393	331	365	438	482	459	529	502	483	392	446	444	449	570	517	752	772	629	654	464	423	506	553	524	510	541	469	507	692	654	721	841	698	845	696	1201	541	516	634
K08264	29	NA	23	57	NA	42	32	124	22	17	36	91	67	21	53	47	101	28	NA	56	29	15	24	36	62	116	68	44	65	16	107	38	62	71	71	154	84	210	61	50	142	33	84	68	195	NA	41	54
K02024	21	NA	NA	NA	NA	22	116	NA	28	12	68	166	43	17	28	14	69	77	64	NA	27	70	56	81	40	31	NA	17	40	31	26	NA	31	NA	35	24	39	30	32	52	35	28	24	NA	41	18	59	NA
K16563	NA	NA	NA	NA	NA	NA	NA	NA	NA	NA	NA	NA	NA	NA	NA	NA	NA	NA	NA	NA	NA	NA	NA	NA	NA	NA	NA	NA	NA	NA	NA	NA	NA	NA	NA	NA	NA	NA	12	7	NA	NA	NA	NA	NA	NA	NA	NA
K02529	14	203	34	94	17	217	61	191	22	216	89	201	102	63	100	140	87	108	234	220	440	208	226	558	500	775	273	253	197	138	278	99	189	288	220	234	205	780	1676	560	1385	321	1375	940	3032	581	329	199
K16554	133	NA	189	NA	NA	NA	759	NA	468	23	104	281	70	44	NA	56	296	NA	319	71	NA	24	51	37	NA	26	NA	61	NA	37	NA	NA	NA	NA	61	NA	93	128	289	111	306	81	92	273	378	90	NA	95
K02418	27	49	14	63	32	59	14	30	58	61	45	45	40	69	48	52	62	30	50	72	52	34	47	97	62	96	62	90	49	66	77	69	51	65	87	92	43	139	176	115	163	70	141	164	268	115	74	76
